74 45
3900 3900 3900 3900 3900 3900 3900 3900 3900 3900 3900 3900 3900 3900 3900 3900 3900 3900 3900 3900 3900 3900 3900 3900 3900 3900 3900 3900 3900 3900 3900 3900 3900 3900 3900 3900 3900 3900 3900 3900 3900 3900 3900 3900 3900 3900 3900 3900 3900 3900 3900 3900 3900 3900 3900 3900 3900 3900 3900 3900 3900 3900 3900 3900 3900 3900 3900 3900 3900 3900 3900 3900 3900 3900 
7800 3900 3900 3900 3900 3900 3900 3900 3900 3900 3900 3900 3900 3900 3900 3900 3900 3900 3900 3900 3900 3900 3900 3900 3900 3900 3991 4187 5487 5210 5356 5193 5248 5096 5211 5263 5170 5161 5176 5165 5008 5026 5017 5016 5016 5016 5016 5016 5016 5029 5047 5589 5398 4389 3955 3900 3900 3900 3900 3900 3900 3900 3900 3900 3900 3900 3900 3900 3900 3900 3900 3900 3900 7800 
11700 3900 3900 3900 3900 3900 3900 3900 3900 3900 3900 3900 3900 3900 3900 3900 3900 3900 3900 3900 3900 3926 4251 4411 5121 5374 5672 6203 5675 5509 5529 5411 5454 5350 5346 5722 5682 5660 5667 5573 5224 5225 5231 5227 5225 5227 5225 5227 5228 5231 5220 5502 6618 6247 5790 4643 3900 3900 3900 3900 3900 3900 3900 3900 3900 3900 3900 3900 3900 3900 3900 3900 3900 7800 
15600 3900 3900 3900 3900 3900 3900 3900 3900 3900 3900 3900 3900 3900 3900 3900 3900 3900 3952 4162 5160 5744 5557 5795 5616 6138 5876 5956 5904 5700 5656 5475 5480 5365 5363 5378 5709 5682 5684 5585 5227 5227 5229 5232 5230 5230 5230 5229 5231 5233 5223 5260 5595 6553 6518 6940 6021 4112 3900 3900 3900 3900 3900 3900 3900 3900 3900 3900 3900 3900 3900 3900 3900 7800 
19500 3900 3900 3900 3900 3900 3900 3900 3900 3900 3900 3900 3900 3900 3900 3900 3903 4435 5661 5855 5663 5859 5831 5743 5808 5764 6032 6018 6015 5721 5659 5476 5476 5365 5363 5363 5378 5682 5682 5585 5227 5227 5227 5232 5230 5230 5230 5229 5229 5231 5223 5224 5262 5600 6618 6817 7230 6769 4374 3900 3900 3900 3900 3900 3900 3900 3900 3900 3900 3900 3900 3900 3900 7800 
23400 3900 3900 3900 3900 3900 3900 3900 3900 3900 3900 3900 3900 3900 3900 4093 5861 6599 5135 6102 5809 5823 5904 5799 5748 5770 5767 6029 6179 5838 5663 5482 5477 5365 5363 5363 5363 5378 5682 5585 5227 5227 5229 5230 5238 5259 5233 5233 5229 5229 5223 5223 5224 5262 5601 6639 7014 7330 6851 4440 3900 3900 3900 3900 3900 3900 3900 3900 3900 3900 3900 3900 3900 7800 
27300 3900 3900 3900 3900 3900 3900 3900 3900 3900 3900 3900 3900 3900 4394 6840 5375 6238 5403 5154 5812 5809 5825 5800 5750 5761 6081 6534 6506 6316 6431 5737 5485 5365 5363 5363 5363 5363 5378 5585 5227 5227 5232 5558 5849 5700 5849 5621 5236 5230 5223 5223 5223 5224 5262 5602 6645 7138 7415 6916 5086 3904 3900 3900 3900 3900 3900 3900 3900 3900 3900 3900 3900 7800 
31200 3900 3900 3900 3900 3900 3900 3900 3900 3900 3900 3900 3900 4224 6680 4873 5780 5502 5412 5155 5154 5809 5809 5800 5759 6423 6821 7210 8038 7824 7411 6856 6004 5371 5363 5363 5363 5363 5363 5378 5227 5230 6161 6195 6522 6814 6710 6533 6228 5234 5225 5223 5223 5223 5224 5262 5603 6650 7240 7369 7205 5711 3905 3900 3900 3900 3900 3900 3900 3900 3900 3900 3900 7800 
35100 3900 3900 3900 3900 3900 3900 3900 3900 3900 3900 3900 3957 6471 5170 5199 4909 5504 5412 5155 5154 5154 5809 5803 6101 6822 9689 9802 8055 8721 10603 9900 7125 5619 5368 5363 5363 5363 5363 5363 5231 5963 5950 9807 8870 7915 9294 10177 6869 5965 5231 5224 5223 5223 5223 5224 5262 5603 6651 7286 7480 7676 4911 3900 3900 3900 3900 3900 3900 3900 3900 3900 3900 7800 
39000 3900 3900 3900 3900 3900 3900 3900 3900 3900 3900 4476 6600 5315 5434 5174 4911 4909 5412 5155 5154 5154 5154 5818 6615 7373 9793 9689 8785 8261 8721 13092 8268 6478 5386 5367 5363 5363 5363 5364 5366 6208 8589 7806 8870 8406 7945 10928 9726 7033 5395 5230 5224 5223 5223 5223 5224 5262 5603 6654 7321 8033 7246 4063 3900 3900 3900 3900 3900 3900 3900 3900 3900 7800 
42900 3900 3900 3900 3900 3900 3900 3900 3900 3900 5401 6561 5203 5570 5321 5174 4911 4909 4909 5155 5154 5154 5156 5313 6330 8598 8004 10419 10690 10941 8467 9474 10119 6975 5524 5371 5363 5363 5363 5366 5841 6188 9112 7858 8465 10383 9303 7945 12673 7876 6019 5234 5224 5223 5223 5223 5223 5224 5263 5603 6655 7468 8528 6002 3900 3900 3900 3900 3900 3900 3900 3900 3900 7800 
46800 3900 3900 3900 3900 3900 3900 3900 3900 5699 6378 5618 5425 5209 5321 5174 4911 4909 4909 4909 5154 5154 5157 5389 5734 7986 8383 9703 13099 12431 10417 8980 11037 7367 5690 5375 5363 5363 5363 5366 5924 6759 8140 8008 9808 9072 11283 8818 9896 8788 6591 5238 5224 5223 5223 5223 5223 5223 5224 5264 5603 6665 7766 8077 5039 3900 3900 3900 3900 3900 3900 3900 3900 7800 
50700 3900 3900 3900 3900 3900 3900 3900 4751 6547 5916 5758 5428 5211 5209 5174 4911 4909 4909 4909 4909 5154 5155 5223 6136 7494 9325 8383 11458 14381 10478 10569 10607 8140 5754 5380 5363 5363 5363 5366 5938 6772 9625 8045 8189 11022 9959 8836 11568 9669 7202 5241 5224 5223 5223 5223 5223 5223 5223 5224 5264 5603 6744 8102 7711 4377 3900 3900 3900 3900 3900 3900 3900 7800 
54600 3900 3900 3900 3900 3900 3900 3909 6407 5638 6094 5763 5429 5211 5209 5174 4911 4909 4909 4909 4909 4909 5154 5157 5892 6978 11394 8972 8391 11477 11062 14378 11347 8829 5764 5380 5363 5363 5363 5364 5523 6960 9571 9528 8045 8203 9959 9937 11851 10594 7403 5246 5224 5223 5223 5223 5223 5223 5223 5223 5224 5264 5605 6997 8726 6082 3900 3900 3900 3900 3900 3900 3900 7800 
58500 3900 3900 3900 3900 3900 3900 5011 5615 5880 5642 5764 5430 5211 5209 5174 4911 4909 4909 4909 4909 4909 4909 5155 5199 7190 7771 12259 10740 10693 14394 11790 12664 8854 5766 5380 5363 5363 5363 5363 5368 6289 7582 13236 10385 9125 10292 13787 10529 11427 7408 5246 5224 5223 5223 5223 5223 5223 5223 5223 5223 5224 5265 5653 7550 8281 4133 3900 3900 3900 3900 3900 3900 7800 
62400 3900 3900 3900 3900 3900 3900 4845 6159 5694 5643 5642 5430 5212 5209 5174 4911 4909 4909 4909 4909 4909 4909 4910 5159 5239 8165 8613 11579 11501 11645 12786 11821 8859 5766 5380 5363 5363 5363 5363 5367 5372 7361 8447 11520 10309 10305 11221 11661 10535 7410 5246 5224 5223 5223 5223 5223 5223 5223 5223 5223 5223 5224 5269 5887 8935 5587 3900 3900 3900 3900 3900 3900 7800 
66300 3900 3900 3900 3900 3900 3900 4463 6086 5976 5732 5677 5472 5258 5259 5220 4923 4929 4910 4909 4909 4909 4909 4909 4912 5162 5255 8459 9231 12076 11857 11651 11825 8859 5766 5381 5364 5363 5363 5363 5365 5369 5379 7776 9092 10711 11005 10862 11227 10536 7410 5246 5224 5223 5223 5223 5223 5223 5223 5223 5223 5223 5223 5226 5361 6957 6942 3900 3900 3900 3900 3900 3900 7800 
70200 3900 3900 3900 3900 3900 3900 4184 5340 7093 6592 5908 5878 5831 5788 5790 5248 5207 5073 5018 4930 4910 4910 4910 4910 4913 5164 5262 8467 9239 11863 11652 11652 8860 5768 5414 5427 5420 5419 5420 5416 5422 5396 5384 7779 9142 10737 10870 10865 10537 7411 5247 5225 5225 5225 5224 5223 5224 5264 5273 5271 5271 5255 5306 5456 6493 7911 3900 3900 3900 3900 3900 3900 7800 
74100 3900 3900 3900 3900 3900 3904 6144 4276 6790 8529 6577 6971 6792 6653 6704 6068 6103 6136 5891 5278 5046 5021 5018 5032 5029 5028 5279 5388 8581 9360 11763 11757 8971 5925 5901 5961 5927 5933 5927 5934 5966 5667 5514 5497 7909 9277 10849 10986 10654 7526 5360 5346 5352 5348 5309 5285 5349 5720 5783 5795 5809 5476 5915 6146 6152 7180 3900 3900 3900 3900 3900 3900 7800 
78000 3900 3900 3900 3900 3900 4932 4819 5867 4302 6815 7566 6826 7067 6659 6654 6142 6160 6387 6833 6480 5823 5779 5776 5771 5778 5779 5774 6033 6137 9332 10106 12508 9725 6758 6959 6768 6787 6787 6779 6776 6908 6727 6287 6243 6248 8655 10031 11595 11405 8272 6113 6093 6103 6138 6071 6055 6405 6786 6583 6666 7117 5701 7492 6756 6590 8482 3951 3900 3900 3900 3900 3900 7800 
81900 3900 3900 3900 3900 3900 5112 4965 5362 4308 4317 7281 6930 7294 6673 6655 6142 6142 6163 6401 6587 6141 6085 6077 6076 6070 6077 6078 6079 6336 6432 9718 10512 10121 7196 6814 6783 6788 6806 6798 6795 6788 6942 6644 6534 6543 6549 8960 10332 11710 8573 6415 6392 6392 6403 6584 6641 6723 6427 6586 6659 6917 6107 5829 6766 8141 7114 5418 3900 3900 3900 3900 3900 7800 
85800 3900 3900 3900 3900 4161 5439 5778 5194 4310 4313 4913 6976 8251 7308 7105 6197 6162 6162 6164 6404 6141 6085 6077 6076 6074 6074 6080 6081 6083 6342 7135 10640 11014 8064 7623 7632 7559 7567 7580 7579 7568 7723 6822 6535 6538 6547 6552 8963 10335 8576 6419 6395 6397 6396 6408 6588 6644 6428 6434 6732 7176 6453 6009 5830 7241 7812 6982 3900 3900 3900 3900 3900 7800 
89700 3900 3900 3900 3900 5440 4286 6344 5204 4310 4319 4787 5580 7138 7360 7456 7463 6917 7043 7140 6867 6475 6482 6276 6157 6092 6079 6074 6080 6088 6679 7314 7148 10641 8064 7624 7624 7560 7559 7567 7579 7570 7837 7735 6658 6536 6538 6547 6552 8964 8577 6424 6404 6407 6410 6398 6579 6683 6777 6939 7871 6924 7367 6016 5830 5870 8270 8199 4627 3900 3900 3900 3900 7800 
93600 3900 3900 3900 4411 5457 5401 4630 5206 4310 4334 5318 5689 7138 8285 8856 8351 7291 7584 7480 7782 7157 6982 6436 7300 6964 6580 6099 6083 6083 6097 7385 8073 8045 8958 8513 8527 8377 8379 8380 8390 8322 8424 7882 6660 6537 6544 6541 6582 6684 8682 6796 7274 7293 7296 7650 6665 6662 6918 6868 7034 7971 7755 6033 5830 5840 6528 8331 6726 3900 3900 3900 3900 7800 
97500 3900 3900 3900 4871 4662 6398 4645 4631 4316 4777 4920 6846 5689 7553 9918 8641 7463 7364 7808 7531 7387 8180 6577 7380 8010 7132 7003 6856 6519 6524 6675 7972 8674 8741 9096 8738 8622 8620 8622 8616 8324 8325 7935 6664 6694 6990 7460 6771 7326 7475 7938 7550 8422 7898 8337 7370 6992 7498 7919 8157 8474 8725 6181 5832 5833 5955 8017 7782 4930 3900 3900 3900 7800 
101400 3900 3900 4014 6505 4729 5596 4664 4643 4399 5491 4899 6615 5689 6928 8831 8652 7601 7631 7383 7707 8919 8419 8303 7113 8505 8179 8175 6931 6604 6572 6577 6731 8025 8719 8890 8854 8659 8656 8654 8888 8989 8845 8118 7289 7266 7842 7799 6802 7243 7750 7599 7823 7648 8008 8294 8655 7425 7162 7498 7919 9443 8679 6782 5841 5832 5844 6508 7832 6057 3901 3900 3900 7800 
105300 3900 4081 6546 5293 5450 6424 4813 5176 5655 5753 4925 7716 6170 7129 7701 8740 7611 7724 7565 8259 9890 10569 9328 7249 9281 8762 8664 8095 7400 7396 7400 7401 7617 9003 9668 9288 9090 9087 9089 9449 9205 8996 8325 7359 7692 7690 8462 7829 8508 8308 7694 7695 7869 7893 8053 9740 8433 7162 7162 7498 9194 8750 8054 5917 5839 5841 6297 6780 8007 4429 3900 3900 7800 
109200 4058 5637 5285 5515 5408 6080 5803 5939 5538 5772 5129 5610 8062 6967 7645 7782 7680 7674 7838 8916 8802 10764 9360 8079 8617 8763 8664 8095 7400 7396 7396 7400 7401 7617 9018 9394 9181 9178 9176 9233 10046 9807 8709 8322 8345 9442 7709 9189 9105 10657 8278 7813 7916 7891 7985 8874 9923 7170 7162 7459 10145 8965 9286 7270 6645 5878 7415 7149 7378 6951 4489 3900 7800 
113100 4365 5544 5687 5291 5410 5552 6138 6006 5607 5545 5168 5262 6416 6981 7230 7723 7757 7935 7788 9153 10978 11388 10910 8248 10320 9138 8664 8095 7400 7396 7396 7396 7400 7401 7617 9018 9181 9178 9176 9176 9233 9807 8709 8322 8361 9903 8345 7789 10023 9592 9616 7987 7864 7983 7960 8550 10217 7286 7218 9822 8388 9101 9068 7616 7798 6852 6762 7364 7292 7618 6540 4348 7800 
117000 5669 5540 5650 5292 5291 5479 5554 6078 5611 5546 5168 5192 5820 6553 8529 7358 7982 8158 8060 8088 11388 11775 13317 8988 9197 10354 8726 8095 7400 7396 7396 7396 7396 7400 7401 7617 9018 9178 9176 9176 9176 9233 8709 8322 8494 10433 8849 8993 10465 11004 10783 8176 8058 7921 8098 8296 9812 7465 8624 8956 8599 8422 9081 7666 7897 7350 6960 6769 7293 7494 7738 5036 8248 
120900 7463 5934 5550 5292 5292 5367 5489 5643 5615 5548 5170 5171 5352 6973 7599 8863 7880 8248 8591 8087 9170 12529 12865 10856 9993 10510 8738 8095 7400 7396 7396 7396 7396 7396 7400 7401 7617 9018 9176 9176 9176 9176 8709 8344 9659 9785 9316 11200 9329 12884 11128 8341 8579 8069 8024 9702 9665 7466 9170 9602 8685 8424 8422 7669 7749 7358 7030 6773 6769 7372 8528 6771 8936 
124800 8687 6034 5550 5292 5294 5419 5532 5753 5820 5575 5173 5171 5296 6430 7064 8802 7885 8320 8395 8304 9280 10422 12639 12347 11354 10475 8738 8095 7400 7396 7396 7396 7396 7396 7396 7400 7401 7617 9018 9176 9176 9176 8709 8398 9479 10402 10811 10710 10493 10407 11190 8956 8437 8676 9140 10458 9706 7808 8727 9459 8687 8424 8422 7670 7737 7364 7107 6776 6769 6774 7623 8929 10671 
128700 9735 6094 5551 5292 5294 5471 6147 6806 6258 5943 5234 5172 5321 6354 6579 9672 8804 8319 9224 9511 11027 9518 10422 12451 11818 10475 8738 8095 7400 7396 7396 7396 7396 7396 7396 7396 7400 7401 7617 9018 9176 9176 8709 8398 9403 10833 12534 10945 11689 11422 10563 9114 8830 8459 9874 10335 9706 8093 8973 9023 8697 8424 8444 7852 7900 7653 7200 6777 6770 6769 6888 8840 12829 
132600 10786 6150 5551 5295 5295 5662 6681 6675 8383 7291 5527 5233 5420 6494 7055 6782 10404 9379 9699 10695 9759 9518 9518 10422 11818 10475 8738 8095 7400 7396 7396 7396 7396 7396 7396 7396 7396 7400 7401 7617 9018 9176 8709 8398 8398 10365 11068 10945 11513 14003 11287 9644 8939 8869 10788 10215 9706 8384 9271 9264 8704 8454 8707 8328 9056 8757 7461 6792 6771 6770 6854 7910 12740 
136500 11818 6217 5551 5296 5296 5377 6979 8173 6797 8685 7588 5630 6611 7523 6705 6782 6799 9590 9389 9699 9759 9518 9518 9518 10422 10475 8738 8095 7400 7396 7396 7396 7396 7396 7396 7396 7396 7396 7400 7401 7617 9018 8709 8398 8398 8398 10365 10945 10945 12147 12727 11315 9877 10661 9432 10222 9706 8730 9616 9610 8715 8706 9656 10429 9122 9801 8222 6803 6771 6771 6851 7849 11810 
140400 12855 6281 5551 5297 5297 5304 5729 8861 7181 6813 8661 6837 7301 6822 6705 6705 6782 6799 9389 9389 9699 9518 9518 9518 9518 10422 8738 8095 7400 7396 7396 7396 7396 7396 7396 7396 7396 7396 7396 7400 7401 7617 8709 8398 8398 8398 8398 10365 10945 10945 12214 11373 10466 10088 9438 9432 9706 8769 10529 11418 9070 10349 10891 9794 9990 10866 8359 6804 6771 6771 6854 7846 11749 
144300 13935 6351 5551 5297 5297 5299 5334 7033 8527 6813 6829 7109 6839 6822 6705 6705 6705 6782 6799 9389 9389 9518 9518 9518 9518 9518 8738 8095 7400 7396 7396 7396 7396 7396 7396 7396 7396 7396 7396 7396 7400 7401 7617 8398 8398 8398 8398 8398 10365 10945 10945 11373 10466 10088 9438 9432 9432 8769 8806 12207 10177 10709 10412 9902 11433 10658 8390 6804 6771 6772 6855 7849 11746 
148200 15894 6574 5557 5297 5297 5297 5302 5529 9100 7873 6825 6829 6839 6822 6705 6705 6705 6705 6782 6799 9389 9389 9518 9518 9518 9518 8738 8095 7400 7396 7396 7396 7396 7396 7396 7396 7396 7396 7396 7396 7396 7400 7401 7617 8398 8398 8398 8398 8398 10365 10945 10945 10466 10088 9438 9432 9432 8769 8769 8806 10411 10238 10412 10580 11570 10773 8390 6804 6771 6771 6852 7913 11749 
152100 17584 7681 5627 5298 5297 5297 5299 5309 5843 9534 8868 6836 6829 6822 6705 6705 6705 6705 6705 6782 6799 9389 9389 9518 9518 9518 8738 8095 7400 7396 7396 7396 7396 7396 7396 7396 7396 7396 7396 7396 7396 7396 7400 7401 7617 8398 8398 8398 8398 8398 10365 10945 10466 10088 9438 9432 9432 8769 8769 8769 8806 10238 10881 12482 11105 10797 8390 6804 6773 6778 6945 8565 11813 
156000 18365 9524 5852 5303 5297 5297 5298 5299 5321 6138 10315 9712 6832 6822 6705 6705 6705 6705 6705 6705 6782 6799 9389 9389 9518 9518 8738 8095 7400 7396 7396 7396 7396 7396 7396 7396 7396 7396 7396 7396 7396 7396 7396 7400 7401 7617 8398 8398 8398 8398 8398 10365 10466 10088 9438 9432 9432 8769 8769 8769 8769 10532 11959 11525 11138 10798 8390 6804 6774 6795 7505 8972 12465 
159900 18369 11389 6976 5442 5306 5299 5338 5383 5365 5413 6346 11940 8325 6822 6705 6705 6705 6705 6705 6705 6705 6782 6799 9389 9389 9518 8738 8095 7400 7396 7396 7396 7396 7396 7396 7396 7396 7396 7396 7396 7396 7396 7396 7396 7400 7401 7617 8398 8398 8398 8398 8398 10365 10088 9438 9432 9432 8769 8769 8769 11107 10475 10845 11545 11140 10798 8390 6804 6778 6941 8186 8679 12872 
163800 18369 11658 9025 6230 5570 5545 6015 6344 6348 6409 6293 8840 9838 6822 6705 6705 6705 6705 6705 6705 6705 6705 6782 6799 9389 9389 8738 8095 7400 7396 7396 7396 7396 7396 7396 7396 7396 7396 7396 7396 7396 7396 7396 7396 7396 7400 7401 7617 8398 8398 8398 8398 8398 10088 9438 9432 9432 8769 8769 9913 10968 10660 10557 10910 11224 10854 8392 6810 6846 7464 9025 8290 12579 
167700 18369 11658 9457 7556 6793 6766 7200 7415 7700 7704 7661 7806 8863 6822 6705 6705 6705 6705 6705 6705 6705 6705 6705 6782 6799 9389 8738 8095 7400 7396 7396 7396 7396 7396 7396 7396 7396 7396 7396 7396 7396 7396 7396 7396 7396 7396 7400 7401 7617 8398 8398 8398 8398 8398 9438 9432 9432 8769 8769 10112 12112 11517 11602 11561 11888 11735 8665 7054 7296 8695 8215 8290 12190 
171600 18369 11658 9457 7734 7154 7164 6805 7200 7415 7700 7661 7684 7806 6822 6705 6705 6705 6705 6705 6705 6705 6705 6705 6705 6782 6799 8738 8095 7400 7396 7396 7396 7396 7396 7396 7396 7396 7396 7396 7396 7396 7396 7396 7396 7396 7396 7396 7400 7401 7617 8398 8398 8398 8398 8398 9432 9432 8769 8769 8793 11463 12915 12881 12916 12936 13445 9944 8209 8327 8236 8215 8215 12190 
175500 22269 15558 13357 11634 11054 11054 10705 10705 11100 11315 11561 11561 11584 10722 10605 10605 10605 10605 10605 10605 10605 10605 10605 10605 10605 10682 10699 11995 11300 11296 11296 11296 11296 11296 11296 11296 11296 11296 11296 11296 11296 11296 11296 11296 11296 11296 11296 11296 11300 11301 11517 12298 12298 12298 12298 12298 13332 12669 12669 12669 12693 15363 16781 16781 16816 16836 13844 12109 12109 12136 12115 12115 12115 
